00000000000000000000000000000000
00000000000000000000000000000010
00000000000000000000000000000011
00000000000000000000000000000000
00000000000000000000000000001010
00000000000000000000000000010100
00000000000000000000000000000000
00000000000000000000000000110010
00000000000000000000000000010100
00000000000000000000000000000000
00000000000000000000000000001010
00000000000000000000000000001111
00000000000000000000000000000000
00000000000000000000000000001111
00000000000000000000000011110000
00000000000000000000000000000000
00000000000000001010101010101010
00000000000000000101010101010101
00000000000000000000000000000000
00000000000000000000111100001111
00000000000000000000000011111111
00000000000000000000000000000000
00000000000000001111111111111111
00000000000000000001001000110100
00000000000000000000000000000000
00000000000000000000000000000001
00000000000000000000000000000010
00000000000000000000000000000000
00000000000000000000000000001010
00000000000000000000000000000101
00000000000000000000000000000000
00000000000000000000000000000000